[-3.04359023 -2.64495406  3.97749963 -3.3519261   5.47429108  2.16355946
 -1.05104689 -2.09360076  2.59580086  4.36776461  2.36342627  1.46268135
 -5.22660006 -1.96687131  1.28618733 -1.72067511  2.47564315 -1.45143086
 -0.45198602  0.80013829 -0.75383252 -0.34799425 -4.5651818   3.26327004
 -0.51863061 -0.19183437]
[-5.93915855  3.37110621 -4.03842903  5.98661665  0.36826857  0.25998707
  1.40651902  3.05556534  0.10682114 -4.15024244  1.99223231  0.30111067
 -1.1740702   0.34306534  2.68148291  0.37854266  0.26484462  3.87264206
  0.91116755  4.6997179   1.35748288 -3.29170254 -8.20452015 -1.45847426
  0.46327832 -4.42242566]
[ 3.604165   -4.1712994   2.66484772  2.8551373  -3.62495772  0.78633999
  0.30207293 -0.56697918 -2.4615578  -1.27860133  4.10690091  1.0112352
 -0.45541873  1.56016793  3.262689   -2.65460739  1.51046409  2.82844699
  0.09766097  0.17578266 -0.36324628  0.03068584 -0.67510357 -2.58221281
 -1.84460918 -4.18536367]
[ 4.96897961 -4.41129056 -6.06842122  0.09265193 -3.722384   -1.58362026
 -5.04774538  9.31252732 -3.08137518 -2.91002035  2.63642988  1.70426233
  2.55814551  6.8792081  -0.59492376 -2.47557546  3.8958402   1.62529891
 -3.89454004 -1.60951516 -2.27039913  3.56066979  3.20899453  0.89180413
 -2.08907647 -2.01610007]
[-1.2628335   1.03714252  6.71592389  4.357468    5.62885786 -3.95665491
 -2.74397692 -2.68442629  0.02742374  0.93739074 -1.95676444  8.63419106
  1.69906265 -1.77315792  0.72759685 -7.67386947  2.69910184  2.33546936
  0.24209429 -3.18717144  4.73663994 -5.70975979 -9.19902795  2.38763825
 -2.91860533 -0.66975896]
[ 0.9946209   2.08608437  0.53490555  0.31543341  1.83134879 -2.55959408
  1.76973262  0.57888637  4.65800305  4.66376651  1.14934771  1.49263224
 -3.75260388 -0.73202396  1.63432521 -1.58122598  1.5775591   3.33241169
 -0.13515883 -0.91242693 -2.79233069 -8.2294356  -9.13471094  2.79807687
 -6.42027816  6.91628773]
[ 2.7488442   0.44076113 -1.43464798 -5.55929618 -0.5742556  -5.02997597
 -2.92619722 -1.06102156 -8.00253775 -2.043838    0.94191006  3.49514037
  1.84997672  1.754933   -0.85341784  1.06365351  2.2270636  -0.39384456
  0.07901148  0.83741729  2.56981033  0.23335139  3.18506449 -1.25450247
  5.18652523  2.65944037]
[ 2.60948175  4.06832855  1.16773891 -2.52053365  1.25959291 -4.16554026
  2.22932467  1.40696486 -4.18462658 -2.37779019 -0.03725153  0.50810444
  0.51555441 -1.80930941 -0.67638544 -4.61490668  0.99032079  3.3177986
  3.40446545  1.43475269 -1.87556405 -3.4323365  -0.92350132  0.1256789
 -2.62866675  7.42294799]
[-0.06546973 -0.41152052 -6.57479966 -0.33856689 -1.13634901  0.32509963
 -1.67723231 -0.18464882  4.01350965  9.083646   -1.17364707 -1.9317327
  3.70580842 -1.16726003 -0.99683126  0.10707643  0.358942    0.21005612
 -0.41109254 -5.05624304 -2.37643193  1.18424538  2.59395259  0.8807561
  0.01145964  0.02594352]
[ 5.14047254 -0.54857201 -0.60535725 -0.07386465  2.53259746  1.23950569
 -1.10421878  1.55558423 -3.22427834 -1.1722933   1.71780205 -3.23908317
  4.71030389  4.08584747  0.26011177  1.12550264 -4.6397858  -0.038249
  0.14872782  0.0315575   0.79901498 -4.08106625  5.34643695 -6.82362909
 -2.85099471 -0.57831323]
[-7.18742082  0.48693893  5.04585062  0.50253167 -1.33417145 -0.33380331
  4.35288894  0.50808627 -1.1339894  -1.93992205  0.9780708   2.72643897
 -7.86996611  0.30047373  6.74257626  1.9949793   7.44916364  0.27965107
 -0.35646877 -1.82723219 -2.69453972 -2.98252025 -3.71130363  0.34571585
 -1.41319698  1.54191102]
[-0.72401502 -4.8728907  -2.3410435   1.7926555  -7.87439974  0.0335376
 -8.7813292   1.00355934  0.80457744 -1.37669674  2.52618537  3.60794737
 -0.05277295  5.96341147 -2.16674343  2.32800772 -1.23237022  2.91505535
 -0.31362976  3.50921217  2.18017339  2.90083337  3.73631925  2.20513299
  0.32848687 -6.61934111]
[ 0.13395092 -2.48343398  1.80652754 -2.00649136  1.17536892 -3.81907331
  1.61121524 -1.70795004  2.19937548  0.92645828  0.60212269  4.45746764
 -3.14835843 -5.5466397  -2.20984609  0.82166824  2.53412153 -2.18070149
  0.35209351  0.62415831  2.23495855  0.657359   -2.89645    -0.36415171
  2.81744975  2.48164515]
[ 0.77317158  1.18222473 -1.23743143  1.42366653 -1.85357053  1.65573059
 -2.45971773  2.90549699  1.9012387   2.22367302 -5.5008425   0.10814203
 -6.3526528  -0.9891131   1.01298595  2.21740897  3.58924611 -0.7616505
  1.46634021  1.73639168 -0.00324615 -2.63111414 -4.61444092 -1.68340069
  3.58112333  3.41340188]
[-5.1096476   4.76152646 -1.00566022  0.43381993  9.42602192  4.53945308
 -1.49601298 -1.18535187 -0.50952485 -2.01361079 -1.831108   -1.98820405
  0.35893839 -0.76717848 -2.01869033  4.23701153 -1.62597055  2.59711031
 -1.16957354  3.52611118 -0.31212989 -1.69189217 -4.00880302 -3.99381106
  1.69180256 -0.75416049]
[ 1.37611683 -2.36788447  0.17632264 -2.35369915 -0.59236277 -2.28509322
  1.81087299 -3.22306913 -2.85867223 -2.75590481 -3.11391796 -1.57609202
  4.50219467  0.4870068   2.13896088  1.51758928  1.98125827  0.30745566
 -7.97508274  1.73009118  8.20564842  2.98524847  8.91431899 -0.37968208
 -0.92375774 -5.04838227]
[-1.96127145  3.35053929  0.70621331 -0.99177765 -0.58753642 -0.69141012
  3.7613735   3.52235252 -0.16915681 -3.96919615  0.13222243 -2.40369982
  5.26361605  0.92325363  1.02751017  1.24300812 -2.18345439  1.51745869
 -1.42799789 -3.1432391   1.08245548  0.43538867  7.89630872 -8.33393745
  1.28686564 -6.04576201]
[-1.4821777  -0.68893373 -1.05097285 -5.35858176  3.41706054  1.2748995
  3.19104487  0.2220921   3.18165891 -0.203412    2.59933424  2.19261571
 -2.55625609 -1.57368428 -2.7236627   2.22465653 -2.35348885  1.12983289
  1.28163323  0.07498225 -1.98828941  0.32784577 -0.95438869  1.82153117
  0.11296661 -1.2162638 ]
[ 1.67350887 -1.26593281  1.55231962 -4.23055769  2.07469497  3.13186965
 -6.51256633 -1.66458538  7.41347202  4.83308883 -2.98667567  0.60232684
 -0.41563903 -0.76870783 -3.15207786  2.88903111 -0.77554636 -1.2766933
  1.54196863  5.22359118 -5.65401977 -0.52419184 -1.06970062 -6.48607477
  8.25088352 -0.4440911 ]
[-0.27684306 -0.44874659  1.3695776  -0.81631885 -2.43530412  1.97956841
  2.59633996 -1.34567122 -0.68131528  4.60979795 -3.3342035  -1.15345395
 -2.26936056  3.809944    6.45055989 -1.11955646 -1.85857404  0.95808946
  1.40400747  0.88527467 -1.398085    7.41540055 -3.11754625 -2.75228102
 -0.67327096 -7.72160755]
[-5.78714932  1.92742645 -0.28461434  1.23450982 -1.2442644   1.84192394
 -2.15174222  6.27064948 -4.76763211 -4.80653893  5.1030075  -0.26630651
  1.70321201  2.80044157  0.10670698  1.15196654 -1.61304474  2.74292468
 -4.89374622  0.26027143 -0.82066092  6.13456203  1.41432878  0.92940347
 -0.90162827 -5.61335533]
[ 4.41329096  2.35792056 -3.84725536  3.48907231 -1.89770075 -0.07266461
 -2.25659845 -1.17788193  0.69235309  1.90414341 -2.24312004 -0.46923791
 -2.52096959 -1.18388769 -3.58261908 -0.19749662 -4.73777115 -0.28905037
  2.94086368  5.27635808 -0.11873749  1.69975306  0.42945952 -0.00263303
  1.74597928 -0.77805674]
[ 0.25174427 -1.44661439 -1.48119043 -1.18998835 -1.00792515 -2.79932652
 -0.6045584   0.60334915  6.28300758  3.007736   -2.40600995 -2.52927528
  5.73756765  3.33933544  0.40757184 -3.76886477  1.22205001 -1.38819535
 -3.27857883  0.18253644  3.47790136 -1.48652634  2.67167725  3.66596455
 -1.71360174 -4.92123569]
[ 2.35620377  6.68005365 -4.34919218 -0.71446445 -1.09749743 -3.51202446
  0.90012823 -3.94640168 -0.42288292 -4.62049951  1.239793    3.69271563
 -8.04158578 -3.35556325 -1.1383089   7.55585448  4.73362352  2.01409587
  1.70380147 -0.18716393 -1.3524282   0.25808864 -4.04720436  1.46344901
  2.24363227  2.45337172]
[  0.57545124  -3.76589851   3.44955078   0.74993628  -1.8872625
   5.41609722   2.36561041  -1.80064868   5.31955075  -3.11412364
   1.72154667 -12.34555137  -1.31851251  -3.92919509  -2.71396711
   1.22369823  -3.742262    -5.203309     5.71084123   1.4778956
   1.70116968   0.33280414   0.15600873   1.90666704   5.19646342
   2.70909971]
[ 1.25060435 -2.32542387 -4.01735591  5.67707485 -1.34744338  0.56844566
 -2.16031681 -7.84255323  0.32538007 -0.97408933 -2.11316867  0.56843879
 -0.78821203  3.10354974 -2.67124121 -4.11541379  1.56467651  3.20760239
 -1.11303535  1.91969898  0.09328539  3.31913062  0.11914278  4.09713595
  0.5341928   3.45434147]
