[ 2.62917467  1.54426287  0.37919445  0.37264551 -1.67304536 -0.34702945
  4.58039332 -0.90891659 -3.1841841  -3.0990356  -0.21693917  0.6275024
 -1.2840443  -1.27758591  0.15656952  1.00237108  3.18095313 -2.08596751
  3.56524022  0.69190557 -3.15661802 -2.54099792 -2.04226215  1.67616891
  1.81432098  0.3923097 ]
[ 0.02368369  1.2463911  -0.30924159  0.7800444   0.54596804  0.34461049
 -0.76306934 -1.51000499 -2.65155471 -1.0122116  -0.465712   -0.18887843
 -1.05016725 -2.3001436  -0.91276843 -1.44428857  2.60907381 -0.18644815
  0.06950273 -0.51742716 -1.24936401  0.06555958 -0.81330515  0.4289663
  0.63888594  2.36291298]
[-4.70777297 -1.25728358  0.78015015 -0.35448296  0.01796501  0.69852878
 -1.81533756  2.42722247  1.28226516  0.75119119 -1.58387134  0.09851344
 -0.09877424 -0.33743007 -4.64380602 -0.37726153 -4.0198063   1.72858095
 -1.94817562  1.47543041  2.62238302 -1.42585008  2.23097384 -1.73464232
 -0.20109876 -1.4883707 ]
[ 1.48321712 -1.77757695  0.11463241 -1.32555539 -2.05590229  1.13476165
 -0.01627365  0.52822917  2.10879149 -1.10490237 -1.81107844  0.90982836
  1.89192335  3.60319625  0.30269899  1.06983504 -4.33574935  0.31978238
  0.81284194  2.58126812 -0.59379052 -1.47604557  0.9521332   1.44321807
 -0.45263403 -3.39479303]
[-1.06332947 -0.54624577 -0.90369388  0.831331    2.46148097 -2.48724184
 -2.30596567 -0.47525905  2.29821838  6.13377525  3.66915882 -0.96249576
  0.82758143  1.01730199  4.36898334  1.00733735  1.83529208 -0.37255385
 -4.57701808 -3.20650054  2.52442862  4.28183916  1.24610027 -1.5955313
 -2.26047958  1.83324487]
[-1.31205048 -0.62967645 -0.90464318  0.96486326 -0.94262173  3.81950004
  2.0885475   0.09265733  1.2331639  -1.30585335 -1.16992376 -1.87561909
  2.16453732  1.62519259 -1.30865747 -0.46230221  0.36005786 -2.1757138
 -0.13966878  1.36747074 -1.58546062  1.60721979  3.26308288  0.56048344
 -1.21014431  1.12914806]
[ 1.57720644 -0.22585615  0.50691969  0.06212213 -0.56616918  0.46901305
  0.30551808  2.08526972 -0.04861196 -0.71332362 -0.75251346  3.85072766
 -3.79241218 -0.13906513  2.43663568  0.15899058  0.52851577  0.81002424
 -0.17616738  1.73265526  1.36555773  0.27693497  0.42700298 -1.68688545
  1.57773655  0.34858255]
[-4.95296955  1.94969835 -3.3872265  -1.00396839  3.36792423 -0.11233758
 -0.3106793  -2.21457431  1.41801563  3.88924722  3.21544517  0.02379555
 -1.36845905  1.19677675 -1.40995446  4.81930437  1.0559684  -3.74121587
 -1.74655348  2.2266109  -0.30055153 -1.49184558 -2.70433099 -1.65430288
  0.9676395  -4.17204288]
[ 3.44273439  4.54253931 -1.7047446  -1.90780939  2.365718    1.75999318
 -0.04489758  1.30523658 -2.04908522 -0.1911248   0.42588387  1.27057186
  1.15067627 -0.17226412  0.60911217 -0.63281501 -2.60982665 -0.66253308
 -0.47233163 -6.55157507  0.32526937  4.30432657  0.11506698 -2.69800923
 -3.23644701  3.82279399]
[-0.258399    0.36844668 -1.35495112 -1.5677735  -0.7785035   2.57885561
 -3.47549314 -3.5940344   3.41010385  0.6526245  -0.34974447 -0.35372569
 -3.66833932 -0.03755369  2.09541112 -2.03293099 -0.34277911 -2.24622033
 -0.15539268  0.50952053 -1.6249618  -1.01314152 -5.53276855 -1.23179287
  1.36141058 -2.66338991]
[-0.54868483 -0.85683146 -2.65828893 -0.45011716 -0.91558399 -3.518153
  3.06778544 -1.17510724 -0.76795907 -2.48485784 -0.74705513 -3.48793816
  2.8584479   0.83885618 -1.18045599 -0.29085863 -0.47101032  1.66491859
 -0.36224946 -1.16792232  2.34084187  1.77288679  2.58141359  0.09519718
  1.89905788 -1.30921865]
[ 1.46437931 -0.06598393  4.98272628  1.2874135   3.24740512 -1.5968392
  1.90920481  4.18242998 -2.11240059  2.73077946 -0.3139753  -1.68065949
  4.91732408 -1.55401606 -2.00450207  0.88637169 -0.67661335  2.48148232
 -0.16689075  0.42107897 -2.69385364 -3.32863406  2.92071724 -2.61766176
 -1.54590642  1.34403916]
[-1.25590365 -0.52957647  3.56001045  9.28361675  0.31149472 -0.6077306
  1.16316237 -2.3212356  -0.43605864  3.07337661 -1.55374274  1.17535616
 -0.97013378 -3.93438267 -0.56178169  1.78447606  3.49511236 -1.90091909
 -5.83284136 -2.22870294  5.90482872 -0.31064936  4.08488078 -1.70812519
  0.98412999 -2.03604999]
[ 1.26321018 -0.35392756 -0.29682611 -1.47674181 -1.87109088 -2.52307025
  3.18360998 -1.72403654 -3.73173591  0.56885989  2.4316759  -0.42028837
 -1.49300614  1.88798579 -0.80089329  0.31194631  0.10059745  1.60550235
  0.04641638  0.57766508 -0.33131098  1.49672457  1.29260354  1.59177127
  0.59085409  1.94877434]
[ 1.89116099 -2.35771298 -2.7815413  -0.14245955  0.28673619 -0.6551374
 -2.2695645   3.85657171  0.98521409 -2.68187757  3.48439727 -4.84411985
 -0.39722924  0.43041367  6.1841173  -4.29444689 -0.69821215  1.41407016
 -0.43246343  2.09398882 -2.11106518  0.74349092 -3.72133109  6.62143245
  4.35396434  2.87913945]
[-0.416543    0.02897148 -0.20460207 -0.09869882  0.61647503  0.35283539
 -6.55257452  1.4133637   1.77173778 -1.46254089  0.16502706  1.83555599
  0.74622213 -1.63066953  0.05745514  0.2137648  -0.66126648  2.0178408
 -0.23414713 -0.93039037  4.39078321 -2.73153133 -2.88074411  3.41983893
  0.54515781 -4.14884354]
