[ 0.89852852  1.3080521   0.06693216  0.49384866 -1.28955967 -0.27498369
  1.77172656 -0.81899979 -0.95889549 -1.90132387 -0.14636813 -0.15096654
 -0.16588903 -0.37832326 -0.32681728  0.03380017 -0.59211125 -0.65179396
  1.82455481  0.36058848 -0.12173762 -0.68339832 -1.03256347  0.4813048
  0.68526956 -0.23601103]
[-0.28770818  0.43777177 -0.13016608  0.64732959  0.82053351  0.14451685
 -0.29426207 -1.20017197 -0.66433261 -0.70771945 -0.10244779 -0.03900524
 -0.26076713 -0.59591695 -0.28707683 -0.4594272   0.33201132 -0.19517438
 -0.21656245 -0.4526061  -0.29098461  0.04987697 -0.46803787  0.0834535
  0.31521676  0.75671287]
[-1.464917   -2.24279218  0.43614048 -0.35165014  0.67721362  0.45054521
 -0.44952615  1.59440527  0.21796789  0.13262622 -0.31512422  0.62428695
 -0.07588475 -0.29389996 -1.67264887  0.056612    0.04781456  0.32353117
 -0.99808635  0.47215027  0.04275068  0.05735573  1.19122221 -0.26772589
 -0.00363    -0.37329688]
[ 1.21566444 -0.54089111 -0.01975226 -0.89455574 -2.14669758  0.48259175
  0.19010214  0.5511989   0.70046348  0.69848024 -0.68277189 -0.24181327
  0.73133319  0.9478478  -0.19855706  0.36497074 -1.21539674  0.72087767
  1.01896405  1.08982975 -0.10377825 -0.41313103  0.59922877  0.5191077
 -0.59809605 -0.68146022]
[-0.60840367  0.63783839 -0.41692389  0.34687439  1.22306308 -1.01583368
 -1.18224005  0.05851065  0.45188516  2.34667225  1.38999685 -0.34277414
 -0.28881572  0.5719421   1.95080098  0.42969442  1.45590762 -0.13383455
 -0.92575083 -1.08055555  0.55220221  0.99551306  0.2204689  -0.77080715
 -0.59075771  0.56145949]
[ 0.36565333  0.65419474 -0.1758972   0.53152185 -0.74477951  1.3473623
  1.10412116 -0.32271131  0.87233691 -0.47603929 -0.08780733 -0.64825647
  0.28843775  0.44991634 -0.59323177 -0.1495334   0.07989332 -1.24043935
  0.38931038  0.44835462 -0.64865361  0.08387565  1.12846491  0.06445935
 -0.51795264  0.72972644]
[ 1.08079141  0.27396001 -0.11126271  0.17854172 -0.57871631 -0.04858638
  0.11896849  0.95164472  0.22566363 -0.31754375  0.01596977  1.01711945
 -1.3454559  -0.63970668  0.42651328  0.11416049 -0.01489564  0.34425127
  0.33904419  0.49608041  0.32186511 -0.2291586   0.41289409 -0.29557636
  0.58402534 -0.94480505]
[-0.83350923  0.5735235  -1.56433809 -0.72455069  1.78244975  0.14219019
  0.07233358 -1.44487523  0.294802    1.16182224  0.80811445  0.37627802
 -0.39846721  0.3379041   0.04389498  1.60135411  0.23877044 -2.08435816
 -1.45451687  1.18289643 -0.03877288 -0.08743447 -1.1523021  -0.59968558
  0.42470368 -0.02395412]
[ 0.6282391   2.04338679 -0.33681298 -1.01177674  1.63218704  0.60416003
  0.07127465  0.78965006 -0.18514939 -0.04093943  0.32573517  0.2065108
  0.16687293 -0.36492231  0.36082214 -0.3220125   0.37842396 -0.33337564
 -0.32504047 -2.16797613  0.09613156  0.64534238 -0.64507049 -1.20172458
 -1.14208979 -0.61048853]
[ 0.1157088  -0.662285   -1.01720666 -1.09267028 -0.56012125  0.77771118
 -1.43900193 -1.89992344  0.44425041  0.44066336 -0.03205872 -0.10397597
 -0.91251631 -0.00490003  1.31254046 -0.49696101 -0.73431106 -0.90151146
  0.42244026  0.51817237 -0.53689626 -0.13822919 -1.62029539 -0.35567875
  0.46249933 -0.69192501]
[-0.71229906 -0.25866643 -0.81348796 -0.42473955 -0.54130041 -1.70763313
  1.67368166 -0.71310699  0.08014901 -0.0855823  -0.16333747 -1.06951082
  0.76593809  0.29536593 -0.73613839 -0.33051753  0.05873177  1.41634998
  0.07464037 -0.38841663  0.71956984  0.72232685  1.33895346  0.32750516
  0.95094509 -0.64156166]
[ 0.72896224 -0.09331028  1.95061389  0.45378593  1.37429568 -0.27895452
  0.62607942  2.83491212 -0.28656592  0.69853115  0.12833058 -0.36157348
  0.97545824 -0.52894263 -1.03029995  0.38825154 -0.22504105  1.02955909
 -0.10519763  0.12038823 -0.58356381 -0.92743245  0.84598851 -0.45338367
 -0.45415667  1.41723131]
[-1.14169838  0.00485033  1.30509022  5.70483229  0.23284735 -0.49823026
  0.75124252 -1.1073252  -0.10034458  0.51715575 -0.35599086  0.61493097
 -0.54409731 -1.37441615 -0.14521874  0.51629769  2.14211384 -1.21285893
 -3.85462941 -0.7968033   1.62587145 -0.25754561  0.81079634 -0.49007577
  0.60181696  0.05920347]
[-0.13891391 -0.47383981  0.13037208 -0.27673349 -0.68464202 -0.34739571
  1.07179267 -1.34644027 -1.69211086 -0.21989866  0.6579119  -0.36881544
  0.24724192  0.99608372 -0.3900314  -0.03124161  0.03059828  0.64202307
  0.33834186 -0.0961538   0.14996677  0.34475311  0.6261794   0.39370227
  0.48992107  1.00154458]
[ 0.2702626  -0.90251881 -1.02347    -0.07528233  0.37668682 -0.43584951
 -1.1626049   2.23774654  0.81533549 -1.09055441  1.50408731 -0.89450199
  0.28433682 -0.09325624  2.62547088 -1.54647957 -1.73085699  0.61917501
 -0.40266175  0.64356118 -0.8800091   0.12344831 -0.88849214  1.922049
  1.12629044  0.38405563]
[-0.91129619  0.00194732  0.010243   -0.04387938  0.23635494 -0.00447041
 -3.56501443  0.77303277  0.03645188 -0.04997389 -0.95619216  0.58945816
  0.3078515  -0.28452204 -0.04430148  0.05931145  0.00621201  0.85130953
 -0.32063591 -0.22468708  1.34668357 -0.42279839 -1.36162776  0.83641714
 -0.11388694 -1.5892395 ]
