[-0.62027255 -4.65715018  3.97839642 -2.05831723  0.49068128  2.69279414
 -3.65635796 -0.87287559  1.17576865  2.29534437 -0.37381034  1.14108883
 -1.56414959  0.43994713  0.0906637  -3.04886206  0.36834026 -1.79713328
  0.88287958  1.70818976 -0.44531564 -0.45944233 -1.14154683  3.12883596
 -0.74933241  3.90174302]
[-2.45533985  2.03079737 -0.97690037  4.37805745  0.95697315 -0.71821993
  1.46157445 -0.96613401  1.43050525 -1.46603617 -0.09443846 -0.63410997
 -1.81709793 -1.76961546  0.17794945 -2.06940269  1.24594626  1.7728893
  0.22836766  5.91882344  3.97019538 -1.83900761 -4.24152265 -1.16197305
 -0.32042354 -3.90042907]
[ 3.54783589 -2.66352954  2.43374879  2.41250431 -3.60164403 -1.73927688
 -0.36739407 -2.59955527 -1.82989297 -1.61637047  4.41510053  1.32327981
  1.05175474 -1.63533087  1.62296139 -0.93310084  0.10345625  2.32243055
  0.01814058 -0.89923578  1.08366031  0.12656207  1.47563559 -3.18117884
  1.02675295 -1.96467474]
[ 2.53850429 -4.28887932 -3.464457    0.45212517 -2.74470134 -0.96302926
 -4.52590879  5.41311453 -0.95488148  0.18197213  2.78875667  1.42111599
  1.11977237  2.08606897 -0.41880089 -1.16289015  4.29344809 -0.10639354
 -3.40817071  0.58350356 -1.06958575 -0.28834055  1.70843602  2.03513579
 -0.43993258 -1.22615701]
[-1.83233103  0.950356    2.26503082  3.53832443  1.62867716 -3.40081557
 -1.92736173 -0.52225021 -0.42842781  0.12907939  1.4930415   2.93642333
  3.91091388  0.40549556  2.14975835 -4.29974166 -1.28990451  0.69457629
  0.45851925 -2.52065438  4.07519199 -3.10442651 -3.26687377  0.69416859
 -3.8077807  -0.49899456]
[ 2.86734561  2.2909724  -1.44446151 -0.08608023  2.04734243 -0.99581135
  1.16786887  1.30006156  3.81954164  3.7562153   0.07262102  1.88027071
 -2.66233769  1.45306224 -1.13366511 -0.57145599 -0.39187841  2.63312592
 -0.39433943 -2.39378455 -2.32994423 -4.40637894 -5.61291131  2.05196369
 -5.9503885   3.11667894]
[ 3.02343621 -0.91077123 -1.94508083 -3.62014159 -0.3970772  -2.10307457
 -2.46768718 -1.2250884  -4.40956424 -1.65298787  1.62180826  1.38575397
  1.92589966  2.00364724 -1.23534676  0.70668259 -0.98111297 -0.67823331
 -0.29501953  0.87437215  2.10315789  0.34457831  3.2946117  -1.20324408
  4.79433196  1.18551783]
[ 2.9907373   2.89574226 -0.16011651 -2.18198721  1.71734513 -2.8187965
  0.1925068   1.71880715 -1.99196291 -2.25577891 -1.06985351  1.00876408
 -0.49874511 -0.48184947 -1.95921221 -2.19026139  1.52177815  2.87084663
  2.39112534  1.21621427 -0.89593971 -1.07824598 -2.80777094  1.68306583
 -2.46856551  3.86679547]
[ 2.3679346   0.57092437 -5.5771306  -1.07558004 -3.03489083 -2.16675703
 -1.93413239  0.57630545  0.22856367  6.59189897  0.69556332 -0.21169232
  4.23333877 -2.08945008 -0.45706851 -2.40327943  1.18783701  0.05535469
  0.40206539 -2.43954811 -1.54757632 -1.40037353  1.14707384  1.66564097
  1.21434159  2.39930652]
[ 1.93825007 -1.38597384 -1.34434669  2.18494925  2.85795167  3.76859399
  0.27120832 -0.23744781  0.68276487 -0.36034126  2.74484641 -0.98768905
 -0.60733867  1.40586079  1.01367212  0.18235054 -2.69008392  0.30251293
 -0.74555561 -0.40025718  1.68048602 -1.49114236  2.11774885 -5.35783338
 -3.93231074 -1.8971159 ]
[-2.53600843 -0.26029712  4.91632603 -1.42095115 -1.62342479  2.3140345
  3.43232001  2.40049198 -3.31626435 -0.11837554  0.13872208  1.03445092
 -3.43032816 -1.2276798   4.72043028  2.68815313  4.05218955 -0.93920032
 -1.96477455  0.85917513 -4.62934187 -4.14406716 -1.93198764 -1.80463568
  1.70082129  1.56096405]
[ 0.0651603  -3.33308199 -2.95030426  1.62181156 -3.46375088 -0.04667546
 -3.98350153  1.0915817  -1.4924236  -2.03021681  3.0262873   3.07665007
  2.02118593  5.08803383 -2.05349988  1.92391293 -2.42269094  2.79445733
  0.61637007  2.2205639  -3.64213755 -0.40184747  3.03186246  1.84555583
 -1.74792957 -1.37551044]
[-0.99192788 -3.47334553  2.35086851 -3.43947407  0.81744201 -2.39594642
  0.80844543 -1.66785591  1.71618108  1.81195544 -0.14630158  5.55218429
 -2.20330011 -3.35836748 -2.12596437 -1.32392685  4.2304808  -4.1694348
  0.15890688  0.09675852 -0.33244364  0.09994654 -2.16221608  2.11348227
  3.98764175  3.11905586]
[ 0.77060299  2.95651593 -2.08043623  1.93120586 -3.18168599 -0.06384089
 -4.17678932  4.32832477  1.79883261  0.72798115 -3.00592828  1.76360207
 -2.82110765 -1.05260858 -0.50761042  4.98844746  4.02284011 -1.92590671
  0.78011428  0.86109263 -2.17106711 -2.17343779 -3.18156324 -0.92215557
  2.34883734  1.0888024 ]
[-4.86321072  2.81820791 -0.0080137   1.04996209  8.0616233   3.50644976
 -0.55669936 -2.07820711  1.61375383 -2.0808798  -2.43492464 -1.71793532
 -1.91237946 -0.07236451 -2.78078262  4.42797267 -1.40670508  2.97145137
 -2.63133973  2.32737914 -0.60298678 -1.32193642 -3.01490222 -2.19597102
  1.52109064  1.47181324]
[ 1.26276263 -2.9695891   0.63690732 -3.41297621 -1.26317244 -2.47625941
  2.37838692 -3.3190036  -1.56762831 -1.70083538 -3.6572898  -2.31971829
  3.34343904  0.1152622   3.46218977  1.02805477  2.83346731  0.49080386
 -5.42349966  1.05149268  4.5915752   2.81695105  4.47234344 -0.58316618
  0.78954662  0.09944008]
[ 1.32812393  1.54730887  1.39600059 -1.79956211 -2.25068511 -0.60622226
  1.44387779  2.30599867 -0.47222354 -0.1969473  -2.44945629  2.4849669
  3.28745758  4.45168598 -3.00480526  0.23454463 -0.33577648 -0.84348715
 -1.57463701 -0.46524291 -0.09114679  0.31790613  4.40440025 -4.39215475
 -3.78573146 -0.69406596]
[-0.00044526 -0.53472883 -0.73381291 -3.85290787  3.6929243   1.59673901
  2.6349572   0.12749598  1.96747288  0.8662749   2.34844464  2.60117263
 -1.84097629  0.49497729 -4.1420367   0.90692726 -3.06680067  1.44127658
  1.74235296  1.64144283 -0.85186543 -0.41963053 -2.69341736  1.56640849
 -3.13484118 -1.45536149]
[-0.75248182 -0.62180315 -1.08259457 -0.7124367  -0.71415339  1.92654729
 -1.95660829 -0.76193741  2.97225508  4.78130603 -0.88001847  0.61461329
 -0.33535424 -0.37475161 -0.71154654  1.80059386 -1.41547237 -0.77568877
 -1.73087658  4.36556295 -1.35018066 -1.18620693 -0.97655591 -3.9336086
  4.67706904  1.09402335]
[-2.20321916  1.01924491  2.82536892  0.78331434 -3.45716542  0.20884529
  4.56351714  0.29684891 -1.59497835  3.00305107 -3.55911697 -0.70146347
 -0.35759897  3.08073642  3.10970923  0.05181339 -1.13044782  0.80190777
  3.95827955  0.52839623  0.07341412  4.34279182 -1.24859952 -4.78342567
 -2.31336585 -7.22143631]
[-5.96038813  3.86242331  3.82156225 -0.9185243   0.21810461  3.61277138
 -1.67894198  2.03054353 -2.80617891 -1.91680133  3.97549644 -0.91233268
  0.44978523 -1.15072227  1.58968886  2.15821701 -1.22312389  2.29678777
 -3.55663648 -0.99345993 -0.60530013  0.59754794  0.56020326  1.8160775
  0.63643267 -5.43258041]
[ 2.76881249  1.98983396 -5.48516623  4.36988601 -4.82823161  0.61315468
 -3.74714836 -3.18434245  0.34940653  0.668469   -2.96911614  0.31806961
 -1.47231781 -1.34360967 -4.02438476  0.68173802 -4.41586485 -0.89241024
  3.66951121  3.56946361  0.57884163  3.7795231   1.70949885  0.78480279
  4.67794901  1.40714477]
[-0.58654927 -1.79581129 -1.51953118  0.33814551  0.42299583 -2.41650708
 -0.45538979  0.42604997  4.55724405  1.92031173 -2.10572202 -3.69724927
  1.11624745  2.3429753   0.35414007 -3.91091602  0.95395832 -1.02135325
 -2.93205359  1.60077587  2.84560401  1.97177336  0.98328871  3.38877251
  0.08997168 -2.04262127]
[ 2.3894872   3.24927855 -4.20672543 -2.47419114 -1.71087647 -0.87164958
  2.69805887 -5.14761187  0.61951381 -4.20622761  0.21680386 -0.92250894
 -5.1347482  -3.54952817 -0.45200166  4.79951604  2.49511792  0.9557928
  2.2044124  -0.15733912 -1.70828271  4.14876318  1.49492154 -0.43045111
  2.53993134  3.67013869]
[ 0.70575099 -2.3622141   1.61935623  0.52631064  0.37987003  0.97348061
  0.40948336  0.81673877  1.47547644 -0.14480002  0.54493828 -2.91896092
  0.48660915 -0.98590721  0.11695712 -0.84093592 -1.24634745 -2.98369837
  2.46173029 -1.95208506 -0.01569261  0.2846038  -0.16589994  1.23940508
  1.49879666  0.26869486]
[ 0.63756782 -0.32180003 -0.13945569  0.81344389  0.71890414 -0.77642548
  1.35224738 -1.22446168 -0.92153504 -0.56139818 -1.65320009  0.5937911
  0.37854993  1.25289065 -0.65218077 -1.18295911 -1.71078648  2.0649941
  0.47737863 -0.44636768  0.66354318  0.18035516 -0.59207705  0.60090597
  0.69453735  0.08798474]
