[-2.78360968  2.52440747 -2.57197141  1.89774019 -3.36791339  3.29788557
  0.5849737   3.31456326 -3.17658067 -1.11474535  0.40976068 -8.25542083
 -1.09301654  1.2264784   2.31160717  3.29366044 -0.67130936  2.629657
 -3.40448109  1.19061882  1.59757506  2.26877222  0.93028957  0.31084728
  2.0169462  -1.99665981]
[-0.0126257  -0.0880074  -0.09146292  0.34678352 -0.17577877  0.16020628
 -0.17301254 -0.12627977  0.28767207 -0.08328012 -0.05639474  0.25348238
  0.31355018  0.13914202 -0.15593017 -0.10919191 -0.01465993  0.0459327
 -0.21097663  0.15662965  0.06580931 -0.37336085 -0.21339545 -0.11178775
  0.04378846  0.39576397]
[ 3.8861276  -0.72871341 -0.89239685  0.66646723 -0.73050081 -0.25772019
 -0.75838669 -0.6700789   0.82223154  3.40101639 -0.83613697 -0.63067221
  5.05476528 -0.54800522 -0.62887784 -0.09027065 -0.77756895 -0.74400628
 -0.6185357  -0.17275402 -0.56840966 -0.08874722 -0.11893563 -0.57004296
 -0.23242807 -0.43844733]
[ 4.37596015 -0.84571961 -1.04943162 -1.27748597 -1.82336721 -0.31197348
 -1.04299613 -1.44852856  2.79389331 10.92322927 -1.74833799 -0.4013289
 -0.57246773 -1.45716631 -1.32002552 -1.31302485 -1.07850891 -1.14254702
 -1.70342339  1.90518311 -1.68170936  0.65250815 -0.78229219 -0.33369878
  2.10191307 -2.29354423]
[-2.77315607  1.16957162 -2.44261196 -0.03941954 -1.08011318  2.93167041
 -2.17392852 -1.30963582  4.33596892  0.04630485 -1.84613759 -2.91797732
 -3.3494181  -0.78458915 -1.48226629  2.04937878 -1.83718889  0.01225853
  0.90915881  1.58904557 -1.73576557  2.03890049  0.08410968  2.69271863
  2.30724876  2.22544622]
[-9.02967735  4.26198641 -0.26511103  2.97718156  3.53174411  2.87856239
  1.39521154  2.1607482   0.86572019 -4.87712386 -1.07943072  4.25002335
 -6.55707372 -3.34299817  2.07548327  3.19838495  2.66194766  3.23244204
  3.35784966  2.20653416 -2.03122484 -5.23055882 -7.99279226 -0.99090166
 -4.07747749  6.14655892]
[-0.04566259 -1.61267612 -2.1604417  -0.83468702 -2.25771081 -0.57930439
 -2.09259194 -1.07866545 -1.32578535  7.1531825  -1.80178715 -2.52679245
  9.65464952 11.654906   -1.53189888 -0.88108237 -2.05272994 -1.82340904
 -1.78489382 -0.33630336 -0.58771546 -0.19328613 -0.33198615 -1.63487595
 -0.64253258 -1.93839804]
[-0.12851772 -0.04118686 -0.20772337  0.0518349  -0.08047479 -0.04830791
  0.22084871 -0.25626492  0.06359468 -0.0302346  -0.05667467  0.15895505
  0.20000278 -0.18975302 -0.04393833  0.02913233 -0.06339956  0.11945615
  0.20262807  0.36942634 -0.30999101 -0.02065423 -0.18157045  0.21486669
 -0.32581261 -0.02992428]
[-2.17451255 -1.91042658 -2.17788257 -2.09674573  1.7144072  -1.28529373
 -1.97615781 -1.7925434   5.01829653 -0.85598901 -1.92122357  9.98847729
 -0.91143098 -1.51109037 -2.12095279 -1.46355233 -0.50584226 -1.99706642
  2.19652971 -0.39241452 -1.98186389 -0.90789517 -0.56791239  1.06499429
  1.682676    6.83624457]
[ 0.38849151  0.15427781 -0.16113842 -0.02606809 -0.11885456  0.26523488
  0.05302122 -0.16901299 -0.09880632  0.23881806  0.34256885  0.32220686
  0.16619571 -0.05308159 -0.69171911  0.0615749  -0.00097363  0.03402106
  0.01023265 -0.28296849  0.11692155  0.1331229   0.14661125  0.20142272
  0.12901996 -0.09132446]
[-1.97826954 -2.09527927 -0.11086095 -0.10279026 -2.69145981 -2.33221448
 -0.27743437  2.33139305 -2.59892368 -0.99639618 -1.91353571  7.35395117
  5.71925147  6.80795222  0.04468782 -2.35394174 -1.06499078 -1.43194283
 -2.64259273 -2.14890376  3.79063788 -1.54247744  2.51848849 -1.78145586
  1.0770133  -1.93482167]
[ 0.02015915 -0.3038555  -0.37086443  0.17418167  0.07469549  0.07644022
  0.16711937 -0.12389477 -0.11935093  0.61171765 -0.07233516  0.44841385
 -0.00670972 -0.40164945 -0.45152908 -0.13824085  0.20411947  0.15035443
  0.15815125 -0.22579577  0.30220544 -0.22283043  0.03603588 -0.02967623
 -0.04975756  0.25544647]
[ 1.11609671 -0.03711818 -2.44124076 -0.92302801 -1.97476391 -0.63008889
 -1.16408462  1.02491166 -3.38157224 -2.06557248 -0.17551544 -3.31601771
  9.10803774  3.73297088 -0.69474018  1.27580519 -0.87278842  0.39333454
 -1.42435051 -1.81091513 -0.26496932  3.54170791 10.41985288 -3.34405909
  0.26790624 -6.69862262]
[ 4.87683905 -0.06773616  1.10752571 -0.42613303  1.32519025 -0.04023014
  0.84311082 -2.2609363   2.38311316  1.28131196  1.34222702 -8.02358513
 -1.41615755 -1.78348344 -0.47528545 -0.47674343  0.17918711 -0.6416076
  1.43585745 -0.80719315 -0.7709474   1.47533717 -0.28955749  0.51025205
  1.61035098 -0.0582497 ]
[ 0.49205631  0.10509815 -0.06927462  0.22762782  0.17891355 -0.16179455
 -0.22291431  0.04548508  0.12199097  0.09938434 -0.27189833  0.27821516
  0.12118829  0.10301001 -0.18895851  0.69357729  0.02279303 -0.09040543
  0.14238332  0.09513118 -0.05259628  0.14167712 -0.09432825 -0.13846844
 -0.42166029 -0.38464551]
[ 1.19326742 -0.02741983 -0.82970613 -0.43281043 -0.97483587 -0.28556611
 -1.15332484 -1.51567886 -0.26421007 -0.61286392 -0.59588443 -0.4850085
  7.0398254  -1.73388738 -0.87545772 -0.79257403 -0.11182429 -1.46097302
 -0.80580556 -0.13832896  3.47172025 -0.75246821  4.35602303 -0.22962081
 -0.37394327 -0.50481481]
[-4.25125145 -3.47762567 -0.44963182 -1.74237916 -2.94318629  0.36764771
 -1.4440683  -0.48638838 -2.30312762 -3.39713842 -1.01040039 -2.57099106
  3.35322057  6.70084468  0.75975908  0.8346084  -1.17551303 -2.42386316
 -4.1022051   1.07289051  7.81824318  5.69407152  8.18081267 -2.01352674
  4.57800553 -5.19543674]
[ 1.37030399 -0.25674314 -0.45543804 -0.45858108 -0.10726103  0.25490079
 -0.43430101 -0.35956843 -0.116709   -0.13516807 -0.39822624 -0.530301
  2.11106739 -0.72832674  0.0762202   0.90067687 -0.05231363 -0.20641107
  0.0585941  -0.28857109 -0.23408596 -0.23794615  1.52859402 -0.18470077
 -0.45503005 -0.18690856]
