[-0.4305029  -0.32149968  0.48348685 -0.46982188  1.43920497 -0.50461371
 -0.27364349 -0.3004773   0.24158548  0.16237991 -0.84773696  5.67925842
 -0.44914603 -0.60530978 -0.3953035  -0.43412964 -0.63167803 -0.61146334
 -0.61176088 -0.16060719 -0.57031144 -0.45264142 -0.40836561 -0.4317851
 -0.3258664   0.07428148]
[ 0.03289873 -0.96663661 -5.7097398   0.4830993  -5.61104997  5.43545586
 -1.47634856  1.25463558  3.45498997  3.02036632 -5.39906241 -5.25249745
  0.50407197  3.57339652 -5.76550498  6.01904628 -5.30458518 -5.30131345
  0.97981291  5.46215558 -5.8533283   5.62492533  5.14106687  0.02976531
  5.37379475  0.62696866]
[-1.51747744 -0.68327704 -1.25269373 -0.95805367 -1.32536903 -0.53496555
 -0.84072212  0.86252999 -3.25376101 -3.10216424  0.26887844 -0.60820717
  4.64877225  2.81399281 -0.96661367  1.05820011  0.31295936  0.93097658
 -1.71285172 -1.09197949 -0.22467203  3.07273799 10.39203359 -2.27182811
  0.0568132  -3.49326702]
[-1.45202526 -1.02133402 -2.27569995 -1.52651291  0.51058481 -0.93174951
 -2.14151174 -2.06203773  8.2099914  11.28909984 -1.95857304  3.40874111
 -1.0497311  -1.8506663  -2.21650119 -2.63535798 -0.0471747  -2.19391326
  1.37492704  0.98085919 -2.21430942 -1.48666176 -0.78077459  0.90056636
  0.75607018  1.55362245]
[ -3.98366952   1.03781507  -0.05371617   1.449892    -3.27571425
   2.67566092  -0.47482706   1.63091192   1.90529031  -0.44022356
  -0.05349064 -12.16462212   1.74262316   4.66314389   2.39652213
   3.50307589  -4.02805392   1.98175185  -5.87730222   0.02329897
   4.43135421   3.69833372   2.25106244  -0.57510916   3.77585723
  -5.63563869]
[ 0.73168809 -0.03118094 -0.17197684  0.0880399   0.44542683 -0.41073271
  0.00134213 -0.33661562 -0.04293737  0.06947823 -0.027655    0.44596219
 -0.30091294  0.11156176 -0.43746288  0.01447459 -0.09882752 -0.25721061
  0.16040033 -0.38914884 -0.09536524 -0.41728339 -0.03586903 -0.18932256
 -0.23101474  0.24180407]
[-2.35046615  0.67052904  0.32738875 -0.47673614  2.36825886  1.37977459
  0.15949486  0.17844604  0.78118445 -5.76746982  0.8345383   1.38472593
 -4.28017857 -4.81822821  0.30906661  0.17375847  1.431673   -0.25917157
  2.0216374   2.4908585   0.52030969 -0.89581239 -2.59347311  2.36244395
  1.27446909  2.73652931]
[-0.20324024 -0.32516872  0.26527656 -0.30779761  0.05930052 -0.25013741
 -0.1293284  -0.06296836 -0.08495466 -0.32126007 -0.21809175  2.93821364
 -0.00861876  0.17563216 -0.55043124 -0.18744328  0.32654049 -0.15639914
  0.00694022 -0.11308164 -0.20798381 -0.272021   -0.21088556 -0.17490714
  0.04763931  0.00585622]
[-0.68715251 -0.2778392  -0.51892425 -0.62505091 -0.40893099 -1.33000735
 -0.73414694 -1.21669076 -0.65902464 -1.07075838  1.49988389 -0.26274101
  6.19661833 -1.0492486   2.02946252 -1.50957287 -0.94983621 -0.87164122
 -0.25338543 -1.3443023   2.46309602 -1.49901039  4.29482439 -0.05691363
 -1.32777629 -0.20222378]
[ 0.70376674 -0.06181844  0.14967143 -0.22186051 -0.63979596  0.03475313
 -0.07133317 -0.51103333 -0.16769215 -0.85553331 -0.16440635 -0.36514523
  4.90188377 -1.06345452 -0.48529723 -0.55819526  0.01207799 -0.03846297
 -0.11087182 -0.20624062 -0.35500449 -0.35873934 -0.34298587 -0.58699804
 -0.29430332 -0.20313283]
[-0.06173608 -0.05447968  0.10226753  0.25297869  0.06797165  0.08750333
 -0.04533315 -0.25134453  0.09959499  0.71777774  0.04609814  1.29233164
 -0.3594253  -0.28270344  0.14830578  0.03895798  0.23659286 -0.03680146
 -0.22060905 -0.06529403 -0.3725501  -0.27249654  0.19996519  0.13209401
  0.05583042 -0.46375461]
[ 5.87224964e+00 -1.66745889e+00 -1.84074317e+00 -8.92327078e-01
 -2.24938033e+00  1.70469273e+00 -1.83747155e+00 -1.18745403e+00
  6.22388338e-01  6.47885298e+00 -1.96372235e+00 -2.16931281e+00
  4.66290780e+00  9.33337947e+00 -1.78979590e+00  2.49821853e+00
 -1.89560850e+00 -1.42010416e+00 -1.86814569e+00  8.63062949e-03
 -1.90835791e+00 -2.55216245e+00 -1.04725421e+00 -2.31336943e+00
 -1.50155057e+00 -2.05492075e+00]
[ 1.81472361 -1.65717702 -0.8283675  -0.15416316 -8.32539514  0.5226919
 -0.24127266  1.03049383 -3.47275667  0.59505246  0.33098028 -4.4998282
  3.83356227  3.97663939  2.07804328  1.16318804  0.49400423 -1.3315587
 -0.85781816  0.78267907  3.07170175  3.34537801  4.91395235 -1.80205142
  1.29165242 -7.72989764]
[ 3.38934784 -1.37997    -1.40857     2.788173   -1.97368598 -0.73749048
 -1.26926984 -0.72979299 -1.03188857  2.92760238 -1.2280946  -2.37774015
 13.74254971  1.98330428 -0.78388832 -0.66897569 -1.32843252 -1.15378974
 -2.01588013 -0.56947193 -0.66171477 -0.73883412 -0.84562036 -1.20948531
 -0.57491459 -2.31218565]
