[ -33409.19289576  -50166.62561628   74358.34949429 -183614.85486477
   60518.78097453   -7579.16257119   22085.26211922  -10760.37597609
    6273.67778156   -6852.38627723   -9745.96315195 -106967.96289319
   51558.76040748  -49858.28423297]
[  3359.44493694  26797.93863563 -49059.50003657   -513.52539295
  -2747.17851391   1219.90615906  20129.31696284  -3194.65740245
 -50164.19519018 -26106.48730919    323.42550366 -17881.80040781
 -19410.11117464 -63688.9544229 ]
[ -49620.67599882   -4021.91704744  114714.42824872 -240091.44157114
   50075.64332365   -2948.126298      7499.00530725  -16202.25266653
   42349.86498296    7793.11720406  -13404.91143156  -63083.94351086
   93878.96589401   20934.76385981]
[ -7576.66818256  54523.36040229 -71976.68995289  79232.97756229
 -48353.12464993    954.6860606   30358.12984429  -1363.90488074
 -59672.308783   -21795.79919878   3692.05629959   4426.84893936
 -37465.58714965 -48886.52738176]
[ -53372.45222592     272.11312028   90249.51017859 -163079.31032899
   48835.8483811    -4121.17667032   24891.91261385  -26045.0369766
   31487.24486428    7638.0720179   -10368.78717603  -71606.38352985
    9416.87869443  -10568.65646788]
[-120159.47295705  161491.99724817 -109352.92835309  200419.11395035
  -23651.8873358     6972.3737272   -79088.30017699  -56779.07334388
   11761.69836494   24413.15635978  -13818.03928844  248794.93016792
   58459.00926224  236467.29443702]
[-141573.83061986  180075.80739736   47369.55113625 -255663.28605268
  377214.05718695  -45063.87991277  113515.03541071  -69823.59456969
  -33386.86388349  -40355.35142825  -39918.16893445 -171498.05318071
   23959.14974644 -205158.88852251]
[ -68207.77310503 -303715.61022219   93179.41487194 -377645.30092974
  266494.6330215   -24167.19892059  -75372.22209676  -29678.98940719
  -86808.74828752  -29882.05449239  -15748.54560613  -28489.95035687
   98102.2163993   -38019.04670183]
[  74766.36717638 -190114.33288229 -174000.32199653   61257.49198853
  -65936.89775255   -7176.95066867  103161.62015076   26267.78545004
  -14192.39402311  -35752.36570651  -11913.55572462 -301490.63534585
 -243695.59385399 -190089.09638734]
[-118194.00370638  152258.310313   -118223.80337403  137428.30773168
  159903.4533687    -5855.86570799  -74144.54799336  -80340.09766302
  -10626.51794233    2553.69476127  -14060.06130805  337624.39671678
   -2837.34118866  151877.34976375]
[-114501.00803746   46406.27324936    4211.33001114 -133599.79797187
  402573.03093669  -54881.46559502  142731.19831129  -57442.39963789
  -26035.66570539  -13471.77432529  -42737.88966813 -506427.48707762
  106975.54852548 -232654.1879855 ]
[  45715.20873192 -340689.8353677    -4035.13447311   92466.74528599
 -152443.01604475    -650.41962893   18242.95381589   15413.06064372
     671.89889813   14824.32737106    6452.90942597 -176232.26142952
  -50937.51630152  -72093.95035277]
[ -92952.63271386  -40712.52762864  257402.88304939 -264687.27909151
  202701.85907192  -11114.06767487  -83476.03537404  -37721.33993096
  217512.21463231   60791.00192169  -15765.45438989  -21917.07517071
  197208.83402419  182816.05969748]
[ -14720.55731155  138011.9236557    28574.34598932 -116673.64239335
  141552.63909914  -13449.2027323   110904.672524     -5811.24758544
  -79882.93742433  -77686.15176432   -7341.32407468 -229548.32952819
    1706.86733874 -291323.61552932]
[-106357.32110451  -79788.19577247  -61153.09499801 -219337.34057988
 -149947.47176184    1990.09174615  191346.05184826  -50528.89588172
  -60250.60791716  -15687.35086149  -39846.50293355 -280473.81599776
 -247138.59191134 -257852.74336936]
[ -27269.75596478 -202246.8161016    46988.12879635 -103362.94196789
   10413.45053557   -5351.70926403   13972.960981    -14485.5190225
  -27112.28929713    1422.21966566   -3219.75652107 -109254.17021963
  -58453.02308775  -92692.04847205]
