[  59947.23801606   -4935.23112988  -61742.4103083  -130857.0035497
  -31692.66723132   33948.08517742  -58772.94094865    -310.6319886
  -69572.54456748   -1872.47416576   21913.25658119    -755.18534323
   33924.55678825  -22720.36297133   -9066.78600002    4176.59055167
   82315.37633203   -6754.20599109]
[-23068.27374534  -2534.55482223 -26796.72397924  -8117.07825728
  24528.90178339  28369.73278138 -37266.35261163   2698.88969711
  13014.70752043  -1010.63751224 -24248.00468733  -1392.6431199
 -39635.47959886  -3887.86055222    829.43438313 -43057.73227184
  -7988.7624963  -13414.4440862 ]
[  61690.25491233   -5085.83570403  -31363.35732765 -124870.69998513
  -37804.41164244  -33120.70096478  -12329.35773886    -684.2733637
  -95556.35510163    4988.45769713   42905.54973336    1346.57661647
   81703.59985466  -23438.0941954    -8542.02426527   28355.7171169
   98195.10087084    5470.99725907]
[-23158.93628984   -376.20696535 -11036.65286903  43039.61419004
  35380.22838852  40192.89158758 -23014.77066538  -1156.12652025
  50271.88888077   -123.37687782 -62095.50008266   5616.38143797
 -58131.56975218  15395.58818443  -3278.57528018 -26257.04437203
 -49463.02274308 -10418.57595296]
[  70568.134446     -2251.38618627  -56038.60684224 -157005.17860893
  -33434.92886155  127724.65798866 -106195.81712122    1384.61327443
  -72563.79052557   -1185.94456528  -37834.6940636     3988.60901764
   55864.0551757   -37896.31969371   -6750.22356856   26615.94445625
     536.29350831    4544.00358741]
[  47273.06463091     410.14145998  127023.04164681  216899.90953443
   11213.98613171  -97488.30415135  189836.0006174      774.3735955
 -101654.82134409   -6866.21832283  -64486.05217249    3469.70007115
   12839.0104305    77204.17620024    4436.02368091   45352.03442069
 -100335.28100292   14459.90965755]
[ 296668.06397875   -8994.6193151  -134051.19314527 -166285.43624322
  155067.09568428  186801.00743972 -134607.65184572    3879.98216924
 -219836.39324096  -18490.87722503 -253023.1382034   -22268.68418178
   43330.70354476   58122.96280356  -10680.0018595   -70118.17639756
  114844.28511207   -8727.82509428]
[ 300109.97630659   -7548.69492353 -130247.80797086 -290674.5295406
 -122404.86679388  329773.39619441  -44222.37919058   -8148.5158547
 -385056.4432657   -28938.22291179   29597.213752    -13935.4102612
   19323.01842011  -71080.04529814    2951.73266785  -64040.49377995
   35400.19822504  -42011.93730267]
[ -97448.10419189   16899.79351951 -113470.47678571 -249956.66701598
   -8843.37305989  244116.54573049 -102022.55904649    3595.99998588
  256572.69198432  -13516.79694047   93210.97176592    1185.50485386
 -222445.72955465 -102168.00488932  -19858.86525066   -4974.54057522
  -89343.64885411  -61448.36670884]
[  98681.39266548   -1911.59355413  118809.45234633  188775.28645203
   84591.41216479  -15064.35381984  220578.21950126   -7444.17589903
 -229331.40673259   -1317.64409891 -195140.02498889     900.16383409
   19260.45383645   80802.78329136    4531.72636438   10189.9972569
  -80841.34287065   35056.94621228]
[ 207595.57260119  -16080.88436166  -98271.85790935  -88680.42610679
   69660.02972715 -122143.21352228 -131304.1123635    -9248.74580322
 -123186.73668827  -10953.15397777 -148182.84752511  -13652.09524456
   13414.8561913   180631.81145069  -32506.74708885   58625.87599265
  268207.00354141  -17932.48226212]
[-2.27107429e+05 -1.71786709e+04 -3.35910568e+04  3.41899395e+04
 -1.70865241e+05 -2.19055824e+05 -3.68549025e+04 -1.10866372e+04
 -7.23808260e+03 -3.11754749e+03 -2.68616342e+04 -1.32845650e+03
 -6.61947970e+04  1.14638705e+05 -2.75925318e+04 -1.88993736e+02
 -3.38104417e+04 -3.09672689e+04]
[ 1.23760165e+05 -3.52997540e+03 -2.55814693e+03 -1.64290507e+05
 -1.11176932e+05 -1.44885196e+05  5.14542109e+04  2.36085330e+02
 -2.05996509e+05  5.92326491e+02  1.31150226e+05 -2.41064510e+03
  2.54970544e+05 -9.44445145e+03 -1.37105030e+04  1.17882285e+05
  1.96099294e+05  3.38241491e+04]
[  84927.78189562  -11382.84031305 -127805.8624783   -98365.0960853
   93388.59248135   51466.74966533 -201856.50936313   -6414.76176361
   10227.44132062   -8195.58908355  -76895.4923102   -10708.11170066
  -18983.0531773    54428.18465688   -6984.54664621 -101522.40255454
  130406.33537333  -17229.43693987]
[  33012.6708982   -10559.19291769 -185303.31101427 -390083.78140121
   43065.84487834  416699.34658063 -352254.69193962    6716.99411433
   46850.91551759   -7167.98512851 -324143.66877597    1161.51470994
 -111023.32194623   30108.90092441  -19626.01325656  -44252.34481288
 -275508.11382201  -21721.04139646]
[  56459.0325996   -11441.81105915  -84872.77765321 -134243.99623348
  -42322.03972693  111740.93265872 -152684.5664506     2679.98523485
 -112941.05270009   -1464.81253478 -130869.29209118   -6344.22782974
   26016.21789748   18875.10509088   -2921.73466255  -34923.55804181
  -75612.90990534  -16500.61160446]
